0.0007424277779132677
0.015370090362204143
0.0481728882629116
0.015085170988671077
0.0007662373218381066
0.01340364844919995
0.005710331941546017
0.009140014902057172
0.014397190318907736
0.00761245911376552
3.7499835819472574e-05
0.0039292606716123096
0.0005748779786915752
0.007557141150290235
0.0005033918536664743
0.007856935944894554
0.02540490528533095
0.003370846659200697
0.009294858262068674
0.0014470871439338927
0.0015737194356961173
0.01148154492000738
0.009545368232615111
0.0006205346271883178
0.021212476027726374
0.03347687026629624
0.011935279127688117
0.019899211179204818
0.023542835522245707
0.0005743975763953552
0.03339595363583038
2.9165944165980753e-05
0.03358767107992331
0.08236121197084861
0.02902097540151098
0.05929601061185437
0.0008801116395406036
0.056178504994778035
0.01734825994912739
0.008669653236254557
0.01227070427454564
0.019223604637559316
1.2004057004499192e-05
0.031186887663077027
4.542011010946123e-05
0.0018701702913978902
0.005420883685352349
0.002566919427770911
0.05491849994629407
0.07473828370868607
0.04441086975448918
0.01667615291153482
0.00011380498042862472
0.0014547846643766188
0.00323207119576935
0.0059170393186178775
0.06001016247447036
0.00043707230638388717
0.0001486554697681382
4.980692117739593e-05
0.00045123255521441034
0.013196940274200116
0.002482070328207014
0.004158939440143654
0.009387297067104798
0.0009197147614733383
6.831015932732415e-05
0.0009720086355802781
0.007502384029585421
0.004205048214928427
0.006516414170603082
0.0035829548983524638
0.005054603975086904
0.00926355095641265
0.022284998273771256
0.008248059508303098
0.03884646618274813
0.002286777009042403
0.017660250268974536
0.0019985255868359276
0.00013204619398203622
0.004994879055501797
0.007330736988490843
0.01625380624289617
0.022343176905577345
0.003442560699759841
0.004176929132708702
0.0042340365993040145
0.0037309067975498924
0.00018775589933204108
0.01196817301108119
0.0024081121565698417
0.00043792316541665645
0.01985044255699458
0.0002779789599343746
0.03469083561555878
0.0005494762712979239
1.736221789185941e-05
0.0003317079830862895
8.608375569096762e-05
0.009680262606855557
3.822112051756588e-05
0.0033285062946505563
0.008594597731014264
0.004981058931294815
0.0018971800064755628
0.02186378790274394
0.00022689878247216704
0.013119396090933128
0.006774181658886145
0.007684556921279547
0.008085347157736133
1.1601807654085502e-07
8.362154184812669e-06
3.4269320732016154e-06
0.0003242964415158114
0.031591248319266296
0.006542073755691258
0.004071667346522754
0.0030120400978315017
2.0330463343532487e-06
0.03576332965878583
0.04883735658359207
0.05075146567850038
0.011787771053545573
0.007424061796262531
0.0033461841806377442
0.4340182778255647
0.0007845399496860946
0.020809873493427656
0.050567562706759404
0.014760662769510985
0.0007768278249644789
0.00689134441487876
0.005677953507082733
0.014269151687117567
0.002170978959535219
0.008448422665598794
3.1076179867273736e-05
0.0014775470627668263
0.001970844343298952
0.014851114407985772
0.0006200503092925288
0.007565212220718083
0.025382612224674476
0.0012395349840416806
0.009662574159639958
0.0010070863432198364
0.00182669916588419
0.02058801000497265
0.007216918213751705
0.00037548130599412196
0.012750993562479298
0.027626185377770306
0.009207914788783036
0.019119254341994272
0.021748435441127718
0.0004999979388317458
0.03572425125703021
5.0334291799043854e-05
0.024871053164268804
0.08358716981581288
0.04216792413167029
0.07244332003180909
0.0008312238067368401
0.05598555556981295
0.016828163691794278
0.0039317990764002895
0.008204980611253663
0.018993271966333766
1.3479647094189422e-05
0.03305190934864471
4.492153904950372e-05
0.004496630077733336
0.017278435162265945
0.0065639373046047335
0.05078284588281326
0.06868633102532505
0.04970542544201991
0.011666442673244253
0.00011007909270376658
0.0036829027201342613
0.0019427521550764541
0.005080891954351411
0.05238456410653706
0.00043695358953872655
0.00016228063965249812
2.8030863585264772e-05
0.0003550629380441483
0.013319740192821611
0.0025365101220377754
0.004125965752344182
